nUsedServerRatio
server set, 2, 4, 6, 8, 10, 12, 14, 16
Game, 1.0, 1.0, 1.0, 1.0, 0.6, 0.5833333333333334, 0.6428571428571429, 0.5
MEDAGame, 1.0, 1.0, 1.0, 1.0, 0.6, 0.5, 0.5714285714285714, 0.5
TPDSGame, 1.0, 1.0, 1.0, 1.0, 0.6, 0.5, 0.5714285714285714, 0.5625
auctionBasic, 1.0, 1.0, 1.0, 0.875, 0.6, 0.6666666666666666, 0.5714285714285714, 0.4375
auctionExtend, 0.5, 0.25, 0.16666666666666666, 0.125, 0.1, 0.08333333333333333, 0.07142857142857142, 0.0625
greedy, 1.0, 1.0, 1.0, 1.0, 0.6, 0.75, 0.9285714285714286, 0.875
random, 1.0, 0.75, 1.0, 0.875, 0.6, 0.5833333333333334, 0.6428571428571429, 0.75
MEDAGame, 354.58077179227706, 751.7534197879561, 1142.9808633826128, 1761.5668321244539, 1125.9672697932774, 1323.685490254952, 1720.563284585145, 1504.2782035142275
TPDSGame, 354.58077179227706, 751.7534197879561, 1142.9808633826128, 1761.5668321244539, 1125.9672697932774, 1323.685490254952, 1720.563284585145, 1637.5086167541356
energyConsumption
server set, 2, 4, 6, 8, 10, 12, 14, 16
Game, 354.58077179227706, 751.7534197879561, 1142.9808633826128, 1761.5668321244539, 1125.9672697932774, 1520.4914245911234, 1833.2462297082168, 1504.2782035142275
MEDAGame, 354.58077179227706, 751.7534197879561, 1142.9808633826128, 1761.5668321244539, 1125.9672697932774, 1323.685490254952, 1720.563284585145, 1504.2782035142275
TPDSGame, 354.58077179227706, 751.7534197879561, 1142.9808633826128, 1761.5668321244539, 1125.9672697932774, 1323.685490254952, 1720.563284585145, 1637.5086167541356
auctionBasic, 354.58077179227706, 751.7534197879561, 1142.9808633826128, 1498.969955713132, 1125.9672697932774, 1436.194826141973, 1346.213429624547, 968.1609248282754
auctionExtend, 185.9093004848303, 243.92095291736877, 227.3464505089428, 262.5968764113214, 263.2973819028816, 299.93353936574005, 281.58990529828486, 293.3404611661208
greedy, 354.58077179227706, 751.7534197879561, 1142.9808633826128, 1761.5668321244539, 1125.9672697932774, 1867.823374168805, 2692.9452780004613, 2518.7278751171516
random, 354.58077179227706, 579.4389855540697, 1142.9808633826128, 1498.969955713132, 1125.9672697932774, 1295.551573760366, 1782.9445446006343, 2084.7231823955826
nAllocatedUserRatio
server set, 2, 4, 6, 8, 10, 12, 14, 16
Game, 0.3, 0.35, 0.75, 0.8, 0.8, 0.8, 1.0, 0.9
MEDAGame, 0.3, 0.35, 0.75, 0.8, 0.8, 0.75, 1.0, 0.95
TPDSGame, 0.3, 0.35, 0.75, 0.8, 0.8, 0.7, 1.0, 0.9
auctionBasic, 0.3, 0.35, 0.75, 0.75, 0.8, 0.85, 1.0, 0.9
auctionExtend, 0.15, 0.05, 0.1, 0.1, 0.1, 0.15, 0.15, 0.05
greedy, 0.3, 0.35, 0.75, 0.75, 0.8, 0.85, 1.0, 0.95
random, 0.3, 0.25, 0.65, 0.6, 0.7, 0.65, 0.85, 0.85
systemCost
server set, 2, 4, 6, 8, 10, 12, 14, 16
Game, 0.8699999999999999, 0.8425, 0.5625, 0.5199999999999999, 0.3866666666666666, 0.38111111111111107, 0.24004660180608214, 0.2633333333333333
MEDAGame, 0.8730211163271329, 0.8425, 0.5625, 0.5199999999999999, 0.3866666666666666, 0.39583333333333337, 0.22066245274832988, 0.21583333333333335
TPDSGame, 0.8699999999999999, 0.8425, 0.5625, 0.5199999999999999, 0.3866666666666666, 0.43666666666666665, 0.22066245274832988, 0.2841666666666666
auctionBasic, 0.8699999999999999, 0.8425, 0.5625, 0.5208333333333334, 0.3866666666666666, 0.3647222222222223, 0.21841614872016804, 0.2425
auctionExtend, 0.7758333333333333, 0.7325, 0.6855555555555556, 0.6716666666666666, 0.6633333333333333, 0.6369444444444444, 0.6329761904761905, 0.67
greedy, 0.8699999999999999, 0.8425, 0.5625, 0.5625, 0.3866666666666666, 0.39250000000000007, 0.33746376776778714, 0.3408333333333334
random, 0.8699999999999999, 0.8125, 0.6425, 0.6383333333333334, 0.47, 0.5036111111111111, 0.3804421841548713, 0.39250000000000007
dataRate
server set, 2, 4, 6, 8, 10, 12, 14, 16
Game, 6.0, 7.0, 15.0, 16.0, 16.0, 16.0, 19.14820237222485, 18.0
MEDAGame, 5.562593520361743, 7.0, 15.0, 16.0, 16.0, 15.0, 19.049401467378097, 19.0
TPDSGame, 6.0, 7.0, 15.0, 16.0, 16.0, 14.0, 19.049401467378097, 18.0
auctionBasic, 6.0, 7.0, 15.0, 15.0, 16.0, 17.0, 19.098788727118794, 18.0
auctionExtend, 3.0, 1.0, 2.0, 2.0, 2.0, 3.0, 3.0, 1.0
greedy, 6.0, 7.0, 15.0, 15.0, 16.0, 17.0, 19.098788727118794, 19.0
random, 6.0, 5.0, 13.0, 12.0, 14.0, 13.0, 16.098788727118794, 17.0
timeConsumption
server set, 2, 4, 6, 8, 10, 12, 14, 16
Game, 4.0, 2.0, 9.0, 5.0, 8.0, 6.0, 13.0, 19.0
MEDAGame, 0.0, 3.0, 8.0, 6.0, 7.0, 5.0, 14.0, 6.0
TPDSGame, 0.0, 3.0, 9.0, 5.0, 8.0, 5.0, 12.0, 7.0
auctionBasic, 0.0, 1.0, 1.0, 1.0, 1.0, 1.0, 1.0, 1.0
auctionExtend, 0.0, 0.0, 1.0, 0.0, 1.0, 1.0, 1.0, 1.0
greedy, 0.0, 0.0, 0.0, 0.0, 0.0, 0.0, 1.0, 0.0
random, 0.0, 0.0, 0.0, 0.0, 0.0, 0.0, 0.0, 0.0
iteration
server set, 2, 4, 6, 8, 10, 12, 14, 16
Game, 6.0, 7.0, 15.0, 16.0, 16.0, 16.0, 21.0, 18.0
MEDAGame, 6.0, 7.0, 15.0, 16.0, 16.0, 15.0, 20.0, 19.0
TPDSGame, 6.0, 7.0, 15.0, 16.0, 16.0, 14.0, 20.0, 18.0
fairness
server set, 2, 4, 6, 8, 10, 12, 14, 16
Game, 0.09, 0.12249999999999998, 0.5625, 0.6400000000000001, 0.6400000000000001, 0.6400000000000001, 0.9227173374388965, 0.81
MEDAGame, 0.0809366510186013, 0.12249999999999998, 0.5625, 0.6400000000000001, 0.6400000000000001, 0.5625, 0.9094412131835817, 0.9025
TPDSGame, 0.09, 0.12249999999999998, 0.5625, 0.6400000000000001, 0.6400000000000001, 0.48999999999999994, 0.9094412131835817, 0.81
auctionBasic, 0.09, 0.12249999999999998, 0.5625, 0.5625, 0.6400000000000001, 0.7224999999999999, 0.9161801252680672, 0.81
auctionExtend, 0.0225, 0.0025000000000000005, 0.010000000000000002, 0.010000000000000002, 0.010000000000000002, 0.0225, 0.0225, 0.0025000000000000005
greedy, 0.09, 0.12249999999999998, 0.5625, 0.5625, 0.6400000000000001, 0.7224999999999999, 0.9161801252680672, 0.9025
random, 0.09, 0.0625, 0.42250000000000004, 0.36, 0.48999999999999994, 0.42250000000000004, 0.6515305903925289, 0.7224999999999999
nUsedServerRatio
user set, 5, 10, 15, 20, 25, 30, 35, 40
Game, 0.13043478260869565, 0.45454545454545453, 0.4375, 0.42857142857142855, 0.48148148148148145, 0.7058823529411765, 0.631578947368421, 0.6785714285714286
MEDAGame, 0.13043478260869565, 0.45454545454545453, 0.375, 0.47619047619047616, 0.4074074074074074, 0.7058823529411765, 0.7368421052631579, 0.6428571428571429
TPDSGame, 0.13043478260869565, 0.45454545454545453, 0.375, 0.47619047619047616, 0.4444444444444444, 0.7058823529411765, 0.7368421052631579, 0.6071428571428571
auctionBasic, 0.13043478260869565, 0.36363636363636365, 0.4375, 0.42857142857142855, 0.37037037037037035, 0.7058823529411765, 0.7368421052631579, 0.6428571428571429
auctionExtend, 0.043478260869565216, 0.09090909090909091, 0.0625, 0.047619047619047616, 0.037037037037037035, 0.058823529411764705, 0.05263157894736842, 0.03571428571428571
greedy, 0.21739130434782608, 0.7272727272727273, 0.875, 0.7142857142857143, 0.7777777777777778, 0.9411764705882353, 0.8947368421052632, 0.8928571428571429
random, 0.21739130434782608, 0.5454545454545454, 0.625, 0.6190476190476191, 0.5925925925925926, 0.7058823529411765, 0.6842105263157895, 0.7142857142857143
MEDAGame, 694.5752127510419, 983.06161264047, 1193.2759010477578, 1811.0373178995117, 2244.482975963169, 2323.1769096315093, 2861.3120251916016, 3857.3090966382097
TPDSGame, 694.5752127510419, 983.06161264047, 1193.2759010477578, 1811.0373178995117, 2415.6862141641636, 2423.524257976951, 2910.962297522732, 3734.444410906593
energyConsumption
user set, 5, 10, 15, 20, 25, 30, 35, 40
Game, 694.5752127510419, 983.06161264047, 1325.5254279783744, 1595.2490971568268, 2633.8077620264417, 2323.1769096315093, 2476.584996038469, 4040.219759369672
MEDAGame, 694.5752127510419, 983.06161264047, 1193.2759010477578, 1811.0373178995117, 2244.482975963169, 2323.1769096315093, 2861.3120251916016, 3857.3090966382097
TPDSGame, 694.5752127510419, 983.06161264047, 1193.2759010477578, 1811.0373178995117, 2415.6862141641636, 2423.524257976951, 2910.962297522732, 3734.444410906593
auctionBasic, 366.51411327680296, 691.4266149255589, 1085.883065641109, 1374.520698892768, 1710.384363576287, 2259.3337686262917, 2697.2467058044886, 3517.1374325871075
auctionExtend, 274.2203237503153, 292.48234594373776, 284.9266664543101, 291.2073289423496, 297.5516432043306, 286.81463616528174, 282.4341829951699, 299.43149547233986
greedy, 1093.500435596944, 1643.3425916651772, 2828.1741481017525, 2673.6353242337063, 4307.593593372502, 3339.4827677940643, 3442.4456138833625, 5042.251902684034
random, 967.219849916553, 1180.0666085150615, 2000.3776013512552, 2523.6941716292135, 3662.392074174719, 2424.2020180220434, 2665.639071189293, 4190.398427869981
nAllocatedUserRatio
user set, 5, 10, 15, 20, 25, 30, 35, 40
Game, 1.0, 0.8, 1.0, 0.95, 1.0, 0.8666666666666667, 0.7428571428571429, 0.95
MEDAGame, 1.0, 0.8, 0.9333333333333333, 0.95, 1.0, 0.8666666666666667, 0.8571428571428571, 0.975
TPDSGame, 1.0, 0.8, 0.9333333333333333, 0.9, 1.0, 0.9333333333333333, 0.8857142857142857, 0.975
auctionBasic, 1.0, 0.8, 1.0, 1.0, 1.0, 0.9, 0.9428571428571428, 1.0
auctionExtend, 0.6, 0.3, 0.13333333333333333, 0.1, 0.08, 0.06666666666666667, 0.05714285714285714, 0.05
greedy, 1.0, 0.8, 1.0, 1.0, 1.0, 0.9666666666666667, 0.9428571428571428, 0.95
random, 1.0, 0.7, 0.9333333333333333, 0.85, 0.92, 0.6666666666666666, 0.7142857142857143, 0.8
systemCost
user set, 5, 10, 15, 20, 25, 30, 35, 40
Game, 0.043478260869565216, 0.33818181818181814, 0.14583333333333334, 0.19202380952380954, 0.16049382716049382, 0.3627015250544663, 0.4456283566058002, 0.27535714285714286
MEDAGame, 0.043478260869565216, 0.34880573661997766, 0.19018518518518518, 0.2078968253968254, 0.13580246913580246, 0.3627015250544663, 0.3816684568564268, 0.23907738095238099
TPDSGame, 0.043478260869565216, 0.34880573661997766, 0.19018518518518518, 0.25539682539682534, 0.14814814814814814, 0.300479302832244, 0.3555460078768349, 0.22717261904761904
auctionBasic, 0.043478260869565216, 0.3078787878787878, 0.14583333333333334, 0.14285714285714285, 0.12345679012345678, 0.3319607843137255, 0.3016684568564268, 0.2142857142857143
auctionExtend, 0.3611594202898551, 0.5669696969696969, 0.6371296296296297, 0.6458730158730159, 0.6502123456790123, 0.6625708061002179, 0.6640744718940208, 0.6610714285714285
greedy, 0.07246376811594203, 0.429090909090909, 0.2916666666666667, 0.2380952380952381, 0.25925925925925924, 0.34668845315904145, 0.3543000358037952, 0.3467857142857143
random, 0.07246376811594203, 0.4518181818181818, 0.2735185185185185, 0.3488492063492064, 0.27539753086419755, 0.5315904139433552, 0.4865735767991407, 0.4323105338036621
dataRate
user set, 5, 10, 15, 20, 25, 30, 35, 40
Game, 20.0, 16.0, 20.0, 19.0, 20.0, 17.333333333333332, 14.857142857142858, 19.0
MEDAGame, 20.0, 15.377565510711136, 18.666666666666668, 19.0, 20.0, 17.333333333333332, 17.142857142857142, 19.5
TPDSGame, 20.0, 15.377565510711136, 18.666666666666668, 18.0, 20.0, 18.666666666666668, 17.714285714285715, 19.5
auctionBasic, 20.0, 16.0, 20.0, 20.0, 20.0, 18.0, 18.857142857142858, 20.0
auctionExtend, 12.0, 6.0, 2.6666666666666665, 2.0, 1.6, 1.3333333333333333, 1.1428571428571428, 1.0
greedy, 20.0, 16.0, 20.0, 20.0, 20.0, 19.333333333333332, 18.857142857142858, 19.0
random, 20.0, 14.0, 18.666666666666668, 17.0, 18.4, 13.333333333333334, 14.285714285714286, 15.65973937522396
timeConsumption
user set, 5, 10, 15, 20, 25, 30, 35, 40
Game, 0.0, 1.0, 4.0, 6.0, 18.0, 12.0, 28.0, 29.0
MEDAGame, 0.0, 0.0, 4.0, 6.0, 17.0, 11.0, 18.0, 29.0
TPDSGame, 0.0, 1.0, 3.0, 4.0, 17.0, 12.0, 17.0, 31.0
auctionBasic, 1.0, 1.0, 0.0, 1.0, 1.0, 0.0, 5.0, 1.0
auctionExtend, 1.0, 0.0, 1.0, 1.0, 1.0, 2.0, 1.0, 2.0
greedy, 0.0, 0.0, 1.0, 1.0, 1.0, 0.0, 1.0, 1.0
random, 0.0, 0.0, 0.0, 0.0, 0.0, 1.0, 0.0, 0.0
iteration
user set, 5, 10, 15, 20, 25, 30, 35, 40
Game, 5.0, 9.0, 15.0, 19.0, 25.0, 26.0, 26.0, 38.0
MEDAGame, 5.0, 8.0, 14.0, 19.0, 25.0, 26.0, 30.0, 39.0
TPDSGame, 5.0, 8.0, 14.0, 18.0, 25.0, 28.0, 31.0, 39.0
fairness
user set, 5, 10, 15, 20, 25, 30, 35, 40
Game, 1.0, 0.6400000000000001, 1.0, 0.9025, 1.0, 0.7511111111111111, 0.5518367346938776, 0.9025
MEDAGame, 1.0, 0.6081282446855215, 0.8711111111111112, 0.9025, 1.0, 0.7511111111111111, 0.7346938775510203, 0.9506249999999999
TPDSGame, 1.0, 0.6081282446855215, 0.8711111111111112, 0.81, 1.0, 0.8711111111111112, 0.7844897959183674, 0.9506249999999999
auctionBasic, 1.0, 0.6400000000000001, 1.0, 1.0, 1.0, 0.81, 0.8889795918367347, 1.0
auctionExtend, 0.36, 0.09, 0.017777777777777778, 0.010000000000000002, 0.0064, 0.0044444444444444444, 0.0032653061224489793, 0.0025000000000000005
greedy, 1.0, 0.6400000000000001, 1.0, 1.0, 1.0, 0.9344444444444443, 0.8889795918367347, 0.9025
random, 1.0, 0.48999999999999994, 0.8711111111111112, 0.7224999999999999, 0.8463999999999999, 0.4444444444444445, 0.5102040816326531, 0.6173541128747281
nUsedServerRatio
capacity set, 1, 2, 3, 4, 5, 6, 7, 8
Game, 0.0, 0.2, 0.7, 0.7, 0.6, 0.5, 0.5, 0.5
MEDAGame, 0.0, 0.2, 0.7, 0.7, 0.7, 0.5, 0.5, 0.5
TPDSGame, 0.0, 0.2, 0.7, 0.7, 0.6, 0.5, 0.5, 0.5
auctionBasic, 0.0, 0.2, 0.7, 0.8, 0.6, 0.5, 0.4, 0.4
auctionExtend, 0.0, 0.1, 0.1, 0.1, 0.1, 0.1, 0.1, 0.1
greedy, 0.0, 0.2, 0.8, 1.0, 1.0, 0.8, 1.0, 1.0
random, 0.0, 0.1, 0.7, 0.8, 0.9, 0.6, 0.9, 0.7
MEDAGame, 0.0, 448.78344873422895, 1501.7949263263415, 1495.9693712205424, 1541.6455969053056, 1022.7515978121818, 948.6342622980708, 1165.0295642622957
TPDSGame, 0.0, 448.78344873422895, 1501.7949263263415, 1495.9693712205424, 1290.616326658518, 1022.7515978121818, 948.6342622980708, 1165.0295642622957
energyConsumption
capacity set, 1, 2, 3, 4, 5, 6, 7, 8
Game, 0.0, 448.78344873422895, 1501.7949263263415, 1495.9693712205424, 1290.616326658518, 1022.7515978121818, 948.6342622980708, 1165.0295642622957
MEDAGame, 0.0, 448.78344873422895, 1501.7949263263415, 1495.9693712205424, 1541.6455969053056, 1022.7515978121818, 948.6342622980708, 1165.0295642622957
TPDSGame, 0.0, 448.78344873422895, 1501.7949263263415, 1495.9693712205424, 1290.616326658518, 1022.7515978121818, 948.6342622980708, 1165.0295642622957
auctionBasic, 0.0, 448.78344873422895, 1378.0674918591342, 1538.487817592062, 1203.45945195653, 914.033837101053, 501.4644243638389, 459.7167071146114
auctionExtend, 0.0, 131.99095550608314, 264.3880976181231, 277.844546513279, 297.9652001813867, 285.87027697153496, 285.63469899563205, 283.7586843111633
greedy, 0.0, 448.78344873422895, 1535.2511904970327, 2035.9637171022496, 2292.4247340482325, 1652.64587357205, 1869.5716980281102, 1958.0485550163728
random, 0.0, 151.44806218950933, 1501.7949263263415, 1632.3573450982176, 2041.3954638014447, 1142.8961880623735, 1583.936999032478, 1372.3030774317117
nAllocatedUserRatio
capacity set, 1, 2, 3, 4, 5, 6, 7, 8
Game, 0.0, 0.1, 0.6, 0.9, 1.0, 0.65, 1.0, 1.0
MEDAGame, 0.0, 0.1, 0.65, 0.85, 1.0, 0.65, 1.0, 1.0
TPDSGame, 0.0, 0.1, 0.6, 0.9, 1.0, 0.65, 1.0, 1.0
auctionBasic, 0.0, 0.1, 0.65, 0.9, 1.0, 0.65, 1.0, 1.0
auctionExtend, 0.0, 0.05, 0.1, 0.15, 0.15, 0.15, 0.25, 0.35
greedy, 0.0, 0.1, 0.65, 0.9, 1.0, 0.65, 1.0, 1.0
random, 0.0, 0.05, 0.55, 0.75, 0.9, 0.65, 1.0, 1.0
systemCost
capacity set, 1, 2, 3, 4, 5, 6, 7, 8
Game, NaN, 0.6974793358659122, 0.58, 0.32999999999999996, 0.19999999999999998, 0.47583333333333333, 0.16666666666666666, 0.16666666666666666
MEDAGame, NaN, 0.6966666666666667, 0.5425, 0.37583333333333335, 0.2333333333333333, 0.47583333333333333, 0.16666666666666666, 0.16666666666666666
TPDSGame, NaN, 0.6966666666666667, 0.58, 0.32999999999999996, 0.19999999999999998, 0.47583333333333333, 0.16666666666666666, 0.16666666666666666
auctionBasic, NaN, 0.6966666666666667, 0.5425, 0.3633333333333333, 0.19999999999999998, 0.47583333333333333, 0.13333333333333333, 0.13333333333333333
auctionExtend, NaN, 0.6825, 0.6633333333333333, 0.6425, 0.6425, 0.6425, 0.5958333333333333, 0.5425000000000001
greedy, NaN, 0.6966666666666667, 0.5758333333333333, 0.42999999999999994, 0.3333333333333333, 0.5758333333333333, 0.3333333333333333, 0.3333333333333333
random, NaN, 0.6825, 0.6158333333333333, 0.49583333333333335, 0.3966666666666666, 0.5091666666666667, 0.3, 0.2333333333333333
dataRate
capacity set, 1, 2, 3, 4, 5, 6, 7, 8
Game, 0.0, 1.604367618622269, 12.0, 18.0, 20.0, 13.0, 20.0, 20.0
MEDAGame, 0.0, 2.0, 13.0, 17.0, 20.0, 13.0, 20.0, 20.0
TPDSGame, 0.0, 2.0, 12.0, 18.0, 20.0, 13.0, 20.0, 20.0
auctionBasic, 0.0, 2.0, 13.0, 18.0, 20.0, 13.0, 20.0, 20.0
auctionExtend, 0.0, 1.0, 2.0, 3.0, 3.0, 3.0, 5.0, 7.0
greedy, 0.0, 2.0, 13.0, 18.0, 20.0, 13.0, 20.0, 20.0
random, 0.0, 1.0, 11.0, 15.0, 18.0, 13.0, 20.0, 20.0
timeConsumption
capacity set, 1, 2, 3, 4, 5, 6, 7, 8
Game, 0.0, 0.0, 1.0, 2.0, 7.0, 2.0, 3.0, 3.0
MEDAGame, 0.0, 0.0, 4.0, 4.0, 6.0, 2.0, 7.0, 5.0
TPDSGame, 0.0, 1.0, 3.0, 4.0, 5.0, 1.0, 11.0, 5.0
auctionBasic, 0.0, 0.0, 0.0, 2.0, 1.0, 0.0, 0.0, 0.0
auctionExtend, 1.0, 0.0, 1.0, 1.0, 0.0, 0.0, 0.0, 1.0
greedy, 0.0, 0.0, 0.0, 0.0, 1.0, 0.0, 1.0, 0.0
random, 0.0, 0.0, 0.0, 0.0, 0.0, 0.0, 0.0, 0.0
iteration
capacity set, 1, 2, 3, 4, 5, 6, 7, 8
Game, 0.0, 2.0, 12.0, 18.0, 20.0, 13.0, 20.0, 20.0
MEDAGame, 0.0, 2.0, 13.0, 17.0, 20.0, 13.0, 20.0, 20.0
TPDSGame, 0.0, 2.0, 12.0, 18.0, 20.0, 13.0, 20.0, 20.0
fairness
capacity set, 1, 2, 3, 4, 5, 6, 7, 8
Game, NaN, 0.00756199240226349, 0.36, 0.81, 1.0, 0.42250000000000004, 1.0, 1.0
MEDAGame, NaN, 0.010000000000000002, 0.42250000000000004, 0.7224999999999999, 1.0, 0.42250000000000004, 1.0, 1.0
TPDSGame, NaN, 0.010000000000000002, 0.36, 0.81, 1.0, 0.42250000000000004, 1.0, 1.0
auctionBasic, NaN, 0.010000000000000002, 0.42250000000000004, 0.81, 1.0, 0.42250000000000004, 1.0, 1.0
auctionExtend, 0.0, 0.0025000000000000005, 0.010000000000000002, 0.0225, 0.0225, 0.0225, 0.0625, 0.12249999999999998
greedy, NaN, 0.010000000000000002, 0.42250000000000004, 0.81, 1.0, 0.42250000000000004, 1.0, 1.0
random, NaN, 0.0025000000000000005, 0.30250000000000005, 0.5625, 0.81, 0.42250000000000004, 1.0, 1.0
